 0.010000  0.000000  1.000000
 0.410000  0.000000  1.000000
 0.810000  0.000000  1.000000
 1.210000  0.000000  1.000000
 1.610000  0.000000  1.000000
 2.010000  0.000000  1.000000
 2.410000  0.000000  1.000000
 2.810000  0.000000  1.000000
 3.210000  0.000000  1.000000
 3.610000  0.000000  1.000000
 4.010000  0.000000  1.000000
 4.410000  0.000000  1.000000
 4.810000  0.000000  1.000000
 5.210000  0.000000  1.000000
 5.610000  0.000000  1.000000
 6.010000  0.000000  1.000000
 6.410000  0.000000  1.000000
 6.810000  0.000000  1.000000
 7.210000  0.000000  1.000000
 7.610000  0.000000  1.000000
 8.010000  0.000000  1.000000
 8.410000  0.000000  1.000000
 8.810000  0.000000  1.000000
 9.210000  0.000000  1.000000
 9.610000  0.000000  1.000000
 10.010000  0.000000  1.000000
 10.410000  0.000000  1.000000
 10.810000  0.000000  1.000000
 11.210000  0.000000  1.000000
 11.610000  0.000000  1.000000
 12.010000  0.000000  1.000000
 12.410000  0.000000  1.000000
 12.810000  0.000000  1.000000
 13.210000  0.000000  1.000000
 13.610000  0.000000  1.000000
 14.010000  0.000000  1.000000
 14.410000  0.000000  1.000000
 14.810000  0.000000  1.000000
 15.210000  0.000000  1.000000
 15.610000  0.000000  1.000000
 16.010000  0.000000  1.000000
 16.410000  0.000000  1.000000
 16.810000  0.000000  1.000000
 17.210000  0.000000  1.000000
 17.610000  0.000000  1.000000
 18.010000  0.000000  1.000000
 18.410000  0.000000  1.000000
 18.810000  0.000000  1.000000
 19.210000  0.000000  1.000000
 19.610000  0.000000  1.000000

 0.010000  0.500000  1.221813
 0.410000  0.500000  1.181112
 0.810000  0.500000  1.167420
 1.210000  0.500000  1.167305
 1.610000  0.500000  1.514040
 2.010000  0.500000  1.088039
 2.410000  0.500000  1.123929
 2.810000  0.500000  1.107149
 3.210000  0.500000  1.421312
 3.610000  0.500000  1.203892
 4.010000  0.500000  1.742305
 4.410000  0.500000  1.109710
 4.810000  0.500000 -12.378765
 5.210000  0.500000  1.207809
 5.610000  0.500000  0.558322
 6.010000  0.500000  1.612310
 6.410000  0.500000  0.586284
 6.810000  0.500000  0.859912
 7.210000  0.500000 -0.151594
 7.610000  0.500000  1.429542
 8.010000  0.500000  0.655364
 8.410000  0.500000  0.869720
 8.810000  0.500000  0.904896
 9.210000  0.500000  0.923942
 9.610000  0.500000  0.936478
 10.010000  0.500000  0.945527
 10.410000  0.500000  0.952431
 10.810000  0.500000  0.957896
 11.210000  0.500000  0.962340
 11.610000  0.500000  0.966028
 12.010000  0.500000  0.969140
 12.410000  0.500000  0.971799
 12.810000  0.500000  0.974098
 13.210000  0.500000  0.976102
 13.610000  0.500000  0.977865
 14.010000  0.500000  0.979426
 14.410000  0.500000  0.980816
 14.810000  0.500000  0.982061
 15.210000  0.500000  0.983183
 15.610000  0.500000  0.984196
 16.010000  0.500000  0.985116
 16.410000  0.500000  0.985955
 16.810000  0.500000  0.986721
 17.210000  0.500000  0.987424
 17.610000  0.500000  0.988071
 18.010000  0.500000  0.988667
 18.410000  0.500000  0.989218
 18.810000  0.500000  0.989728
 19.210000  0.500000  0.990202
 19.610000  0.500000  0.990643

 0.010000  1.000000  1.360088
 0.410000  1.000000  1.287495
 0.810000  1.000000  1.262306
 1.210000  1.000000  1.260594
 1.610000  1.000000  1.862826
 2.010000  1.000000  1.119134
 2.410000  1.000000  1.178822
 2.810000  1.000000  1.148151
 3.210000  1.000000  1.663977
 3.610000  1.000000  1.299973
 4.010000  1.000000  2.147979
 4.410000  1.000000  1.142258
 4.810000  1.000000 -19.323699
 5.210000  1.000000  1.282397
 5.610000  1.000000  0.335757
 6.010000  1.000000  1.843301
 6.410000  1.000000  0.405576
 6.810000  1.000000  0.789534
 7.210000  1.000000 -0.544634
 7.610000  1.000000  1.538416
 8.010000  1.000000  0.544050
 8.410000  1.000000  0.820714
 8.810000  1.000000  0.867638
 9.210000  1.000000  0.893419
 9.610000  1.000000  0.910558
 10.010000  1.000000  0.923023
 10.410000  1.000000  0.932587
 10.810000  1.000000  0.940195
 11.210000  1.000000  0.946406
 11.610000  1.000000  0.951578
 12.010000  1.000000  0.955953
 12.410000  1.000000  0.959702
 12.810000  1.000000  0.962948
 13.210000  1.000000  0.965785
 13.610000  1.000000  0.968284
 14.010000  1.000000  0.970499
 14.410000  1.000000  0.972475
 14.810000  1.000000  0.974247
 15.210000  1.000000  0.975844
 15.610000  1.000000  0.977290
 16.010000  1.000000  0.978603
 16.410000  1.000000  0.979800
 16.810000  1.000000  0.980896
 17.210000  1.000000  0.981901
 17.610000  1.000000  0.982826
 18.010000  1.000000  0.983679
 18.410000  1.000000  0.984469
 18.810000  1.000000  0.985201
 19.210000  1.000000  0.985880
 19.610000  1.000000  0.986513

 0.010000  1.500000  1.432049
 0.410000  1.500000  1.341872
 0.810000  1.500000  1.310312
 1.210000  1.500000  1.307568
 1.610000  1.500000  2.060117
 2.010000  1.500000  1.127628
 2.410000  1.500000  1.200055
 2.810000  1.500000  1.159637
 3.210000  1.500000  1.787291
 3.610000  1.500000  1.337913
 4.010000  1.500000  2.337931
 4.410000  1.500000  1.144215
 4.810000  1.500000 -22.306940
 5.210000  1.500000  1.299310
 5.610000  1.500000  0.245214
 6.010000  1.500000  1.906479
 6.410000  1.500000  0.343000
 6.810000  1.500000  0.761579
 7.210000  1.500000 -0.645686
 7.610000  1.500000  1.552936
 8.010000  1.500000  0.515196
 8.410000  1.500000  0.805104
 8.810000  1.500000  0.855154
 9.210000  1.500000  0.882887
 9.610000  1.500000  0.901433
 10.010000  1.500000  0.914982
 10.410000  1.500000  0.925416
 10.810000  1.500000  0.933739
 11.210000  1.500000  0.940551
 11.610000  1.500000  0.946235
 12.010000  1.500000  0.951051
 12.410000  1.500000  0.955184
 12.810000  1.500000  0.958768
 13.210000  1.500000  0.961903
 13.610000  1.500000  0.964668
 14.010000  1.500000  0.967121
 14.410000  1.500000  0.969311
 14.810000  1.500000  0.971277
 15.210000  1.500000  0.973049
 15.610000  1.500000  0.974654
 16.010000  1.500000  0.976113
 16.410000  1.500000  0.977445
 16.810000  1.500000  0.978663
 17.210000  1.500000  0.979782
 17.610000  1.500000  0.980811
 18.010000  1.500000  0.981762
 18.410000  1.500000  0.982641
 18.810000  1.500000  0.983456
 19.210000  1.500000  0.984214
 19.610000  1.500000  0.984919

 0.010000  2.000000  1.463334
 0.410000  2.000000  1.369991
 0.810000  2.000000  1.337901
 1.210000  2.000000  1.335834
 1.610000  2.000000  2.165609
 2.010000  2.000000  1.133848
 2.410000  2.000000  1.211600
 2.810000  2.000000  1.163149
 3.210000  2.000000  1.857163
 3.610000  2.000000  1.353921
 4.010000  2.000000  2.432511
 4.410000  2.000000  1.139158
 4.810000  2.000000 -23.618864
 5.210000  2.000000  1.300434
 5.610000  2.000000  0.207847
 6.010000  2.000000  1.921738
 6.410000  2.000000  0.320517
 6.810000  2.000000  0.750147
 7.210000  2.000000 -0.673016
 7.610000  2.000000  1.552310
 8.010000  2.000000  0.506388
 8.410000  2.000000  0.799308
 8.810000  2.000000  0.850312
 9.210000  2.000000  0.878698
 9.610000  2.000000  0.897742
 10.010000  2.000000  0.911689
 10.410000  2.000000  0.922451
 10.810000  2.000000  0.931050
 11.210000  2.000000  0.938097
 11.610000  2.000000  0.943983
 12.010000  2.000000  0.948977
 12.410000  2.000000  0.953265
 12.810000  2.000000  0.956987
 13.210000  2.000000  0.960245
 13.610000  2.000000  0.963119
 14.010000  2.000000  0.965671
 14.410000  2.000000  0.967950
 14.810000  2.000000  0.969997
 15.210000  2.000000  0.971843
 15.610000  2.000000  0.973515
 16.010000  2.000000  0.975036
 16.410000  2.000000  0.976424
 16.810000  2.000000  0.977695
 17.210000  2.000000  0.978861
 17.610000  2.000000  0.979936
 18.010000  2.000000  0.980927
 18.410000  2.000000  0.981845
 18.810000  2.000000  0.982696
 19.210000  2.000000  0.983488
 19.610000  2.000000  0.984224

 0.010000  2.500000  1.471130
 0.410000  2.500000  1.385282
 0.810000  2.500000  1.357191
 1.210000  2.500000  1.357314
 1.610000  2.500000  2.223988
 2.010000  2.500000  1.141132
 2.410000  2.500000  1.219691
 2.810000  2.500000  1.163641
 3.210000  2.500000  1.900878
 3.610000  2.500000  1.360426
 4.010000  2.500000  2.481597
 4.410000  2.500000  1.133362
 4.810000  2.500000 -24.209013
 5.210000  2.500000  1.297989
 5.610000  2.500000  0.191687
 6.010000  2.500000  1.924198
 6.410000  2.500000  0.311657
 6.810000  2.500000  0.745016
 7.210000  2.500000 -0.681466
 7.610000  2.500000  1.550357
 8.010000  2.500000  0.502995
 8.410000  2.500000  0.796726
 8.810000  2.500000  0.848087
 9.210000  2.500000  0.876739
 9.610000  2.500000  0.895995
 10.010000  2.500000  0.910117
 10.410000  2.500000  0.921026
 10.810000  2.500000  0.929750
 11.210000  2.500000  0.936905
 11.610000  2.500000  0.942886
 12.010000  2.500000  0.947963
 12.410000  2.500000  0.952325
 12.810000  2.500000  0.956112
 13.210000  2.500000  0.959428
 13.610000  2.500000  0.962355
 14.010000  2.500000  0.964954
 14.410000  2.500000  0.967277
 14.810000  2.500000  0.969363
 15.210000  2.500000  0.971245
 15.610000  2.500000  0.972950
 16.010000  2.500000  0.974501
 16.410000  2.500000  0.975916
 16.810000  2.500000  0.977213
 17.210000  2.500000  0.978403
 17.610000  2.500000  0.979499
 18.010000  2.500000  0.980511
 18.410000  2.500000  0.981448
 18.810000  2.500000  0.982317
 19.210000  2.500000  0.983125
 19.610000  2.500000  0.983877

 0.010000  3.000000  1.466502
 0.410000  3.000000  1.394004
 0.810000  3.000000  1.372607
 1.210000  3.000000  1.375992
 1.610000  3.000000  2.259685
 2.010000  3.000000  1.148628
 2.410000  3.000000  1.225444
 2.810000  3.000000  1.162234
 3.210000  3.000000  1.929163
 3.610000  3.000000  1.362297
 4.010000  3.000000  2.507012
 4.410000  3.000000  1.128472
 4.810000  3.000000 -24.476546
 5.210000  3.000000  1.295322
 5.610000  3.000000  0.184263
 6.010000  3.000000  1.923594
 6.410000  3.000000  0.307734
 6.810000  3.000000  0.742448
 7.210000  3.000000 -0.684614
 7.610000  3.000000  1.548910
 8.010000  3.000000  0.501379
 8.410000  3.000000  0.795387
 8.810000  3.000000  0.846911
 9.210000  3.000000  0.875693
 9.610000  3.000000  0.895054
 10.010000  3.000000  0.909266
 10.410000  3.000000  0.920251
 10.810000  3.000000  0.929041
 11.210000  3.000000  0.936253
 11.610000  3.000000  0.942284
 12.010000  3.000000  0.947405
 12.410000  3.000000  0.951807
 12.810000  3.000000  0.955629
 13.210000  3.000000  0.958977
 13.610000  3.000000  0.961932
 14.010000  3.000000  0.964558
 14.410000  3.000000  0.966904
 14.810000  3.000000  0.969011
 15.210000  3.000000  0.970913
 15.610000  3.000000  0.972636
 16.010000  3.000000  0.974203
 16.410000  3.000000  0.975634
 16.810000  3.000000  0.976944
 17.210000  3.000000  0.978148
 17.610000  3.000000  0.979256
 18.010000  3.000000  0.980280
 18.410000  3.000000  0.981227
 18.810000  3.000000  0.982106
 19.210000  3.000000  0.982922
 19.610000  3.000000  0.983683

 0.010000  3.500000  1.456242
 0.410000  3.500000  1.398990
 0.810000  3.500000  1.385463
 1.210000  3.500000  1.392904
 1.610000  3.500000  2.284422
 2.010000  3.500000  1.155388
 2.410000  3.500000  1.229147
 2.810000  3.500000  1.159547
 3.210000  3.500000  1.947373
 3.610000  3.500000  1.361932
 4.010000  3.500000  2.519823
 4.410000  3.500000  1.124740
 4.810000  3.500000 -24.598290
 5.210000  3.500000  1.293187
 5.610000  3.500000  0.180586
 6.010000  3.500000  1.922520
 6.410000  3.500000  0.305760
 6.810000  3.500000  0.741018
 7.210000  3.500000 -0.686061
 7.610000  3.500000  1.547966
 8.010000  3.500000  0.500478
 8.410000  3.500000  0.794609
 8.810000  3.500000  0.846221
 9.210000  3.500000  0.875074
 9.610000  3.500000  0.894496
 10.010000  3.500000  0.908759
 10.410000  3.500000  0.919788
 10.810000  3.500000  0.928616
 11.210000  3.500000  0.935862
 11.610000  3.500000  0.941923
 12.010000  3.500000  0.947070
 12.410000  3.500000  0.951495
 12.810000  3.500000  0.955338
 13.210000  3.500000  0.958705
 13.610000  3.500000  0.961677
 14.010000  3.500000  0.964318
 14.410000  3.500000  0.966678
 14.810000  3.500000  0.968798
 15.210000  3.500000  0.970712
 15.610000  3.500000  0.972446
 16.010000  3.500000  0.974023
 16.410000  3.500000  0.975463
 16.810000  3.500000  0.976782
 17.210000  3.500000  0.977993
 17.610000  3.500000  0.979109
 18.010000  3.500000  0.980139
 18.410000  3.500000  0.981092
 18.810000  3.500000  0.981977
 19.210000  3.500000  0.982799
 19.610000  3.500000  0.983565

 0.010000  4.000000  1.444234
 0.410000  4.000000  1.401597
 0.810000  4.000000  1.396090
 1.210000  4.000000  1.408219
 1.610000  4.000000  2.303553
 2.010000  4.000000  1.160953
 2.410000  4.000000  1.231089
 2.810000  4.000000  1.156122
 3.210000  4.000000  1.958844
 3.610000  4.000000  1.360608
 4.010000  4.000000  2.525980
 4.410000  4.000000  1.122005
 4.810000  4.000000 -24.653941
 5.210000  4.000000  1.291618
 5.610000  4.000000  0.178600
 6.010000  4.000000  1.921587
 6.410000  4.000000  0.304641
 6.810000  4.000000  0.740147
 7.210000  4.000000 -0.686860
 7.610000  4.000000  1.547347
 8.010000  4.000000  0.499919
 8.410000  4.000000  0.794118
 8.810000  4.000000  0.845782
 9.210000  4.000000  0.874680
 9.610000  4.000000  0.894139
 10.010000  4.000000  0.908434
 10.410000  4.000000  0.919491
 10.810000  4.000000  0.928343
 11.210000  4.000000  0.935610
 11.610000  4.000000  0.941690
 12.010000  4.000000  0.946854
 12.410000  4.000000  0.951294
 12.810000  4.000000  0.955150
 13.210000  4.000000  0.958529
 13.610000  4.000000  0.961512
 14.010000  4.000000  0.964163
 14.410000  4.000000  0.966532
 14.810000  4.000000  0.968661
 15.210000  4.000000  0.970582
 15.610000  4.000000  0.972322
 16.010000  4.000000  0.973906
 16.410000  4.000000  0.975352
 16.810000  4.000000  0.976676
 17.210000  4.000000  0.977893
 17.610000  4.000000  0.979013
 18.010000  4.000000  0.980048
 18.410000  4.000000  0.981005
 18.810000  4.000000  0.981894
 19.210000  4.000000  0.982719
 19.610000  4.000000  0.983489

 0.010000  4.500000  1.432498
 0.410000  4.500000  1.402579
 0.810000  4.500000  1.404624
 1.210000  4.500000  1.421935
 1.610000  4.500000  2.319518
 2.010000  4.500000  1.165212
 2.410000  4.500000  1.231618
 2.810000  4.500000  1.152398
 3.210000  4.500000  1.965847
 3.610000  4.500000  1.358990
 4.010000  4.500000  2.528695
 4.410000  4.500000  1.120025
 4.810000  4.500000 -24.679568
 5.210000  4.500000  1.290490
 5.610000  4.500000  0.177428
 6.010000  4.500000  1.920876
 6.410000  4.500000  0.303939
 6.810000  4.500000  0.739577
 7.210000  4.500000 -0.687362
 7.610000  4.500000  1.546928
 8.010000  4.500000  0.499547
 8.410000  4.500000  0.793788
 8.810000  4.500000  0.845487
 9.210000  4.500000  0.874414
 9.610000  4.500000  0.893898
 10.010000  4.500000  0.908214
 10.410000  4.500000  0.919290
 10.810000  4.500000  0.928159
 11.210000  4.500000  0.935440
 11.610000  4.500000  0.941532
 12.010000  4.500000  0.946707
 12.410000  4.500000  0.951157
 12.810000  4.500000  0.955023
 13.210000  4.500000  0.958410
 13.610000  4.500000  0.961400
 14.010000  4.500000  0.964058
 14.410000  4.500000  0.966433
 14.810000  4.500000  0.968567
 15.210000  4.500000  0.970493
 15.610000  4.500000  0.972239
 16.010000  4.500000  0.973827
 16.410000  4.500000  0.975277
 16.810000  4.500000  0.976605
 17.210000  4.500000  0.977824
 17.610000  4.500000  0.978948
 18.010000  4.500000  0.979985
 18.410000  4.500000  0.980946
 18.810000  4.500000  0.981837
 19.210000  4.500000  0.982665
 19.610000  4.500000  0.983436

 0.010000  5.000000  1.421949
 0.410000  5.000000  1.402435
 0.810000  5.000000  1.411231
 1.210000  5.000000  1.434072
 1.610000  5.000000  2.333460
 2.010000  5.000000  1.168229
 2.410000  5.000000  1.231079
 2.810000  5.000000  1.148683
 3.210000  5.000000  1.969942
 3.610000  5.000000  1.357397
 4.010000  5.000000  2.529681
 4.410000  5.000000  1.118588
 4.810000  5.000000 -24.691514
 5.210000  5.000000  1.289676
 5.610000  5.000000  0.176678
 6.010000  5.000000  1.920351
 6.410000  5.000000  0.303466
 6.810000  5.000000  0.739182
 7.210000  5.000000 -0.687705
 7.610000  5.000000  1.546633
 8.010000  5.000000  0.499286
 8.410000  5.000000  0.793556
 8.810000  5.000000  0.845279
 9.210000  5.000000  0.874227
 9.610000  5.000000  0.893728
 10.010000  5.000000  0.908059
 10.410000  5.000000  0.919148
 10.810000  5.000000  0.928028
 11.210000  5.000000  0.935319
 11.610000  5.000000  0.941420
 12.010000  5.000000  0.946603
 12.410000  5.000000  0.951060
 12.810000  5.000000  0.954932
 13.210000  5.000000  0.958325
 13.610000  5.000000  0.961321
 14.010000  5.000000  0.963983
 14.410000  5.000000  0.966363
 14.810000  5.000000  0.968500
 15.210000  5.000000  0.970430
 15.610000  5.000000  0.972179
 16.010000  5.000000  0.973770
 16.410000  5.000000  0.975223
 16.810000  5.000000  0.976553
 17.210000  5.000000  0.977776
 17.610000  5.000000  0.978902
 18.010000  5.000000  0.979941
 18.410000  5.000000  0.980904
 18.810000  5.000000  0.981796
 19.210000  5.000000  0.982626
 19.610000  5.000000  0.983399

 0.010000  5.500000  1.412887
 0.410000  5.500000  1.401532
 0.810000  5.500000  1.416140
 1.210000  5.500000  1.444699
 1.610000  5.500000  2.345952
 2.010000  5.500000  1.170141
 2.410000  5.500000  1.229782
 2.810000  5.500000  1.145170
 3.210000  5.500000  1.972186
 3.610000  5.500000  1.355964
 4.010000  5.500000  2.529835
 4.410000  5.500000  1.117533
 4.810000  5.500000 -24.697195
 5.210000  5.500000  1.289079
 5.610000  5.500000  0.176163
 6.010000  5.500000  1.919962
 6.410000  5.500000  0.303128
 6.810000  5.500000  0.738897
 7.210000  5.500000 -0.687952
 7.610000  5.500000  1.546418
 8.010000  5.500000  0.499096
 8.410000  5.500000  0.793387
 8.810000  5.500000  0.845128
 9.210000  5.500000  0.874089
 9.610000  5.500000  0.893604
 10.010000  5.500000  0.907946
 10.410000  5.500000  0.919043
 10.810000  5.500000  0.927932
 11.210000  5.500000  0.935231
 11.610000  5.500000  0.941338
 12.010000  5.500000  0.946527
 12.410000  5.500000  0.950989
 12.810000  5.500000  0.954866
 13.210000  5.500000  0.958263
 13.610000  5.500000  0.961262
 14.010000  5.500000  0.963928
 14.410000  5.500000  0.966311
 14.810000  5.500000  0.968452
 15.210000  5.500000  0.970384
 15.610000  5.500000  0.972135
 16.010000  5.500000  0.973729
 16.410000  5.500000  0.975184
 16.810000  5.500000  0.976516
 17.210000  5.500000  0.977740
 17.610000  5.500000  0.978867
 18.010000  5.500000  0.979909
 18.410000  5.500000  0.980872
 18.810000  5.500000  0.981767
 19.210000  5.500000  0.982598
 19.610000  5.500000  0.983372

 0.010000  6.000000  1.405306
 0.410000  6.000000  1.400148
 0.810000  6.000000  1.419608
 1.210000  6.000000  1.453921
 1.610000  6.000000  2.357312
 2.010000  6.000000  1.171103
 2.410000  6.000000  1.227979
 2.810000  6.000000  1.141962
 3.210000  6.000000  1.973277
 3.610000  6.000000  1.354733
 4.010000  6.000000  2.529618
 4.410000  6.000000  1.116746
 4.810000  6.000000 -24.699984
 5.210000  6.000000  1.288633
 5.610000  6.000000  0.175792
 6.010000  6.000000  1.919668
 6.410000  6.000000  0.302878
 6.810000  6.000000  0.738684
 7.210000  6.000000 -0.688137
 7.610000  6.000000  1.546257
 8.010000  6.000000  0.498953
 8.410000  6.000000  0.793260
 8.810000  6.000000  0.845013
 9.210000  6.000000  0.873986
 9.610000  6.000000  0.893510
 10.010000  6.000000  0.907860
 10.410000  6.000000  0.918965
 10.810000  6.000000  0.927860
 11.210000  6.000000  0.935164
 11.610000  6.000000  0.941277
 12.010000  6.000000  0.946470
 12.410000  6.000000  0.950936
 12.810000  6.000000  0.954816
 13.210000  6.000000  0.958216
 13.610000  6.000000  0.961218
 14.010000  6.000000  0.963887
 14.410000  6.000000  0.966272
 14.810000  6.000000  0.968415
 15.210000  6.000000  0.970349
 15.610000  6.000000  0.972102
 16.010000  6.000000  0.973697
 16.410000  6.000000  0.975154
 16.810000  6.000000  0.976488
 17.210000  6.000000  0.977713
 17.610000  6.000000  0.978842
 18.010000  6.000000  0.979884
 18.410000  6.000000  0.980849
 18.810000  6.000000  0.981744
 19.210000  6.000000  0.982576
 19.610000  6.000000  0.983351

 0.010000  6.500000  1.399057
 0.410000  6.500000  1.398489
 0.810000  6.500000  1.421898
 1.210000  6.500000  1.461859
 1.610000  6.500000  2.367735
 2.010000  6.500000  1.171266
 2.410000  6.500000  1.225871
 2.810000  6.500000  1.139102
 3.210000  6.500000  1.973670
 3.610000  6.500000  1.353700
 4.010000  6.500000  2.529260
 4.410000  6.500000  1.116149
 4.810000  6.500000 -24.701420
 5.210000  6.500000  1.288291
 5.610000  6.500000  0.175512
 6.010000  6.500000  1.919442
 6.410000  6.500000  0.302687
 6.810000  6.500000  0.738521
 7.210000  6.500000 -0.688279
 7.610000  6.500000  1.546132
 8.010000  6.500000  0.498844
 8.410000  6.500000  0.793162
 8.810000  6.500000  0.844925
 9.210000  6.500000  0.873907
 9.610000  6.500000  0.893438
 10.010000  6.500000  0.907794
 10.410000  6.500000  0.918904
 10.810000  6.500000  0.927804
 11.210000  6.500000  0.935112
 11.610000  6.500000  0.941229
 12.010000  6.500000  0.946425
 12.410000  6.500000  0.950894
 12.810000  6.500000  0.954777
 13.210000  6.500000  0.958180
 13.610000  6.500000  0.961184
 14.010000  6.500000  0.963855
 14.410000  6.500000  0.966242
 14.810000  6.500000  0.968386
 15.210000  6.500000  0.970322
 15.610000  6.500000  0.972077
 16.010000  6.500000  0.973673
 16.410000  6.500000  0.975131
 16.810000  6.500000  0.976466
 17.210000  6.500000  0.977692
 17.610000  6.500000  0.978822
 18.010000  6.500000  0.979865
 18.410000  6.500000  0.980831
 18.810000  6.500000  0.981727
 19.210000  6.500000  0.982560
 19.610000  6.500000  0.983335

 0.010000  7.000000  1.393946
 0.410000  7.000000  1.396707
 0.810000  7.000000  1.423250
 1.210000  7.000000  1.468640
 1.610000  7.000000  2.377357
 2.010000  7.000000  1.170769
 2.410000  7.000000  1.223608
 2.810000  7.000000  1.136592
 3.210000  7.000000  1.973656
 3.610000  7.000000  1.352842
 4.010000  7.000000  2.528871
 4.410000  7.000000  1.115687
 4.810000  7.000000 -24.702211
 5.210000  7.000000  1.288025
 5.610000  7.000000  0.175296
 6.010000  7.000000  1.919265
 6.410000  7.000000  0.302537
 6.810000  7.000000  0.738393
 7.210000  7.000000 -0.688390
 7.610000  7.000000  1.546035
 8.010000  7.000000  0.498757
 8.410000  7.000000  0.793085
 8.810000  7.000000  0.844856
 9.210000  7.000000  0.873844
 9.610000  7.000000  0.893381
 10.010000  7.000000  0.907742
 10.410000  7.000000  0.918857
 10.810000  7.000000  0.927760
 11.210000  7.000000  0.935072
 11.610000  7.000000  0.941191
 12.010000  7.000000  0.946390
 12.410000  7.000000  0.950862
 12.810000  7.000000  0.954747
 13.210000  7.000000  0.958151
 13.610000  7.000000  0.961158
 14.010000  7.000000  0.963830
 14.410000  7.000000  0.966218
 14.810000  7.000000  0.968364
 15.210000  7.000000  0.970301
 15.610000  7.000000  0.972057
 16.010000  7.000000  0.973654
 16.410000  7.000000  0.975113
 16.810000  7.000000  0.976449
 17.210000  7.000000  0.977676
 17.610000  7.000000  0.978806
 18.010000  7.000000  0.979850
 18.410000  7.000000  0.980817
 18.810000  7.000000  0.981713
 19.210000  7.000000  0.982546
 19.610000  7.000000  0.983323

 0.010000  7.500000  1.389780
 0.410000  7.500000  1.394906
 0.810000  7.500000  1.423880
 1.210000  7.500000  1.474390
 1.610000  7.500000  2.386282
 2.010000  7.500000  1.169732
 2.410000  7.500000  1.221299
 2.810000  7.500000  1.134413
 3.210000  7.500000  1.973417
 3.610000  7.500000  1.352134
 4.010000  7.500000  2.528501
 4.410000  7.500000  1.115323
 4.810000  7.500000 -24.702684
 5.210000  7.500000  1.287814
 5.610000  7.500000  0.175125
 6.010000  7.500000  1.919123
 6.410000  7.500000  0.302418
 6.810000  7.500000  0.738291
 7.210000  7.500000 -0.688479
 7.610000  7.500000  1.545957
 8.010000  7.500000  0.498688
 8.410000  7.500000  0.793023
 8.810000  7.500000  0.844801
 9.210000  7.500000  0.873794
 9.610000  7.500000  0.893335
 10.010000  7.500000  0.907701
 10.410000  7.500000  0.918819
 10.810000  7.500000  0.927725
 11.210000  7.500000  0.935039
 11.610000  7.500000  0.941161
 12.010000  7.500000  0.946362
 12.410000  7.500000  0.950836
 12.810000  7.500000  0.954722
 13.210000  7.500000  0.958128
 13.610000  7.500000  0.961136
 14.010000  7.500000  0.963809
 14.410000  7.500000  0.966199
 14.810000  7.500000  0.968346
 15.210000  7.500000  0.970284
 15.610000  7.500000  0.972040
 16.010000  7.500000  0.973639
 16.410000  7.500000  0.975098
 16.810000  7.500000  0.976435
 17.210000  7.500000  0.977663
 17.610000  7.500000  0.978794
 18.010000  7.500000  0.979838
 18.410000  7.500000  0.980805
 18.810000  7.500000  0.981702
 19.210000  7.500000  0.982536
 19.610000  7.500000  0.983313

 0.010000  8.000000  1.386382
 0.410000  8.000000  1.393155
 0.810000  8.000000  1.423964
 1.210000  8.000000  1.479225
 1.610000  8.000000  2.394590
 2.010000  8.000000  1.168263
 2.410000  8.000000  1.219022
 2.810000  8.000000  1.132536
 3.210000  8.000000  1.973065
 3.610000  8.000000  1.351549
 4.010000  8.000000  2.528168
 4.410000  8.000000  1.115031
 4.810000  8.000000 -24.702994
 5.210000  8.000000  1.287643
 5.610000  8.000000  0.174986
 6.010000  8.000000  1.919009
 6.410000  8.000000  0.302321
 6.810000  8.000000  0.738207
 7.210000  8.000000 -0.688551
 7.610000  8.000000  1.545893
 8.010000  8.000000  0.498632
 8.410000  8.000000  0.792973
 8.810000  8.000000  0.844756
 9.210000  8.000000  0.873753
 9.610000  8.000000  0.893298
 10.010000  8.000000  0.907667
 10.410000  8.000000  0.918788
 10.810000  8.000000  0.927696
 11.210000  8.000000  0.935013
 11.610000  8.000000  0.941137
 12.010000  8.000000  0.946339
 12.410000  8.000000  0.950814
 12.810000  8.000000  0.954702
 13.210000  8.000000  0.958110
 13.610000  8.000000  0.961119
 14.010000  8.000000  0.963793
 14.410000  8.000000  0.966183
 14.810000  8.000000  0.968331
 15.210000  8.000000  0.970270
 15.610000  8.000000  0.972027
 16.010000  8.000000  0.973626
 16.410000  8.000000  0.975086
 16.810000  8.000000  0.976423
 17.210000  8.000000  0.977652
 17.610000  8.000000  0.978783
 18.010000  8.000000  0.979828
 18.410000  8.000000  0.980796
 18.810000  8.000000  0.981693
 19.210000  8.000000  0.982527
 19.610000  8.000000  0.983304

 0.010000  8.500000  1.383603
 0.410000  8.500000  1.391496
 0.810000  8.500000  1.423651
 1.210000  8.500000  1.483255
 1.610000  8.500000  2.402349
 2.010000  8.500000  1.166451
 2.410000  8.500000  1.216829
 2.810000  8.500000  1.130925
 3.210000  8.500000  1.972668
 3.610000  8.500000  1.351063
 4.010000  8.500000  2.527877
 4.410000  8.500000  1.114794
 4.810000  8.500000 -24.703213
 5.210000  8.500000  1.287503
 5.610000  8.500000  0.174873
 6.010000  8.500000  1.918915
 6.410000  8.500000  0.302241
 6.810000  8.500000  0.738139
 7.210000  8.500000 -0.688610
 7.610000  8.500000  1.545841
 8.010000  8.500000  0.498586
 8.410000  8.500000  0.792931
 8.810000  8.500000  0.844718
 9.210000  8.500000  0.873720
 9.610000  8.500000  0.893267
 10.010000  8.500000  0.907639
 10.410000  8.500000  0.918762
 10.810000  8.500000  0.927673
 11.210000  8.500000  0.934991
 11.610000  8.500000  0.941116
 12.010000  8.500000  0.946321
 12.410000  8.500000  0.950797
 12.810000  8.500000  0.954686
 13.210000  8.500000  0.958094
 13.610000  8.500000  0.961104
 14.010000  8.500000  0.963779
 14.410000  8.500000  0.966171
 14.810000  8.500000  0.968319
 15.210000  8.500000  0.970259
 15.610000  8.500000  0.972016
 16.010000  8.500000  0.973616
 16.410000  8.500000  0.975076
 16.810000  8.500000  0.976414
 17.210000  8.500000  0.977643
 17.610000  8.500000  0.978775
 18.010000  8.500000  0.979820
 18.410000  8.500000  0.980788
 18.810000  8.500000  0.981686
 19.210000  8.500000  0.982520
 19.610000  8.500000  0.983298

 0.010000  9.000000  1.381320
 0.410000  9.000000  1.389954
 0.810000  9.000000  1.423057
 1.210000  9.000000  1.486579
 1.610000  9.000000  2.409618
 2.010000  9.000000  1.164376
 2.410000  9.000000  1.214752
 2.810000  9.000000  1.129546
 3.210000  9.000000  1.972265
 3.610000  9.000000  1.350659
 4.010000  9.000000  2.527625
 4.410000  9.000000  1.114598
 4.810000  9.000000 -24.703379
 5.210000  9.000000  1.287386
 5.610000  9.000000  0.174778
 6.010000  9.000000  1.918836
 6.410000  9.000000  0.302174
 6.810000  9.000000  0.738082
 7.210000  9.000000 -0.688660
 7.610000  9.000000  1.545798
 8.010000  9.000000  0.498547
 8.410000  9.000000  0.792897
 8.810000  9.000000  0.844687
 9.210000  9.000000  0.873692
 9.610000  9.000000  0.893242
 10.010000  9.000000  0.907615
 10.410000  9.000000  0.918740
 10.810000  9.000000  0.927653
 11.210000  9.000000  0.934973
 11.610000  9.000000  0.941099
 12.010000  9.000000  0.946305
 12.410000  9.000000  0.950782
 12.810000  9.000000  0.954672
 13.210000  9.000000  0.958082
 13.610000  9.000000  0.961092
 14.010000  9.000000  0.963768
 14.410000  9.000000  0.966160
 14.810000  9.000000  0.968309
 15.210000  9.000000  0.970249
 15.610000  9.000000  0.972007
 16.010000  9.000000  0.973607
 16.410000  9.000000  0.975068
 16.810000  9.000000  0.976406
 17.210000  9.000000  0.977636
 17.610000  9.000000  0.978768
 18.010000  9.000000  0.979813
 18.410000  9.000000  0.980781
 18.810000  9.000000  0.981679
 19.210000  9.000000  0.982514
 19.610000  9.000000  0.983292

 0.010000  9.500000  1.379434
 0.410000  9.500000  1.388539
 0.810000  9.500000  1.422273
 1.210000  9.500000  1.489285
 1.610000  9.500000  2.416444
 2.010000  9.500000  1.162103
 2.410000  9.500000  1.212811
 2.810000  9.500000  1.128366
 3.210000  9.500000  1.971879
 3.610000  9.500000  1.350319
 4.010000  9.500000  2.527410
 4.410000  9.500000  1.114434
 4.810000  9.500000 -24.703511
 5.210000  9.500000  1.287289
 5.610000  9.500000  0.174699
 6.010000  9.500000  1.918770
 6.410000  9.500000  0.302119
 6.810000  9.500000  0.738034
 7.210000  9.500000 -0.688702
 7.610000  9.500000  1.545761
 8.010000  9.500000  0.498514
 8.410000  9.500000  0.792868
 8.810000  9.500000  0.844661
 9.210000  9.500000  0.873668
 9.610000  9.500000  0.893220
 10.010000  9.500000  0.907596
 10.410000  9.500000  0.918722
 10.810000  9.500000  0.927636
 11.210000  9.500000  0.934957
 11.610000  9.500000  0.941085
 12.010000  9.500000  0.946292
 12.410000  9.500000  0.950770
 12.810000  9.500000  0.954661
 13.210000  9.500000  0.958071
 13.610000  9.500000  0.961082
 14.010000  9.500000  0.963758
 14.410000  9.500000  0.966151
 14.810000  9.500000  0.968300
 15.210000  9.500000  0.970241
 15.610000  9.500000  0.972000
 16.010000  9.500000  0.973600
 16.410000  9.500000  0.975061
 16.810000  9.500000  0.976400
 17.210000  9.500000  0.977629
 17.610000  9.500000  0.978762
 18.010000  9.500000  0.979808
 18.410000  9.500000  0.980776
 18.810000  9.500000  0.981674
 19.210000  9.500000  0.982509
 19.610000  9.500000  0.983287

 0.010000  10.000000  1.377866
 0.410000  10.000000  1.387252
 0.810000  10.000000  1.421371
 1.210000  10.000000  1.491455
 1.610000  10.000000  2.422871
 2.010000  10.000000  1.159688
 2.410000  10.000000  1.211013
 2.810000  10.000000  1.127357
 3.210000  10.000000  1.971518
 3.610000  10.000000  1.350033
 4.010000  10.000000  2.527224
 4.410000  10.000000  1.114296
 4.810000  10.000000 -24.703620
 5.210000  10.000000  1.287206
 5.610000  10.000000  0.174631
 6.010000  10.000000  1.918714
 6.410000  10.000000  0.302071
 6.810000  10.000000  0.737993
 7.210000  10.000000 -0.688737
 7.610000  10.000000  1.545730
 8.010000  10.000000  0.498487
 8.410000  10.000000  0.792843
 8.810000  10.000000  0.844639
 9.210000  10.000000  0.873648
 9.610000  10.000000  0.893202
 10.010000  10.000000  0.907579
 10.410000  10.000000  0.918707
 10.810000  10.000000  0.927622
 11.210000  10.000000  0.934944
 11.610000  10.000000  0.941073
 12.010000  10.000000  0.946280
 12.410000  10.000000  0.950759
 12.810000  10.000000  0.954651
 13.210000  10.000000  0.958062
 13.610000  10.000000  0.961073
 14.010000  10.000000  0.963750
 14.410000  10.000000  0.966143
 14.810000  10.000000  0.968293
 15.210000  10.000000  0.970234
 15.610000  10.000000  0.971993
 16.010000  10.000000  0.973594
 16.410000  10.000000  0.975055
 16.810000  10.000000  0.976394
 17.210000  10.000000  0.977624
 17.610000  10.000000  0.978757
 18.010000  10.000000  0.979803
 18.410000  10.000000  0.980771
 18.810000  10.000000  0.981670
 19.210000  10.000000  0.982505
 19.610000  10.000000  0.983283

 0.010000  10.500000  1.376552
 0.410000  10.500000  1.386090
 0.810000  10.500000  1.420402
 1.210000  10.500000  1.493161
 1.610000  10.500000  2.428935
 2.010000  10.500000  1.157179
 2.410000  10.500000  1.209362
 2.810000  10.500000  1.126491
 3.210000  10.500000  1.971190
 3.610000  10.500000  1.349789
 4.010000  10.500000  2.527065
 4.410000  10.500000  1.114178
 4.810000  10.500000 -24.703711
 5.210000  10.500000  1.287135
 5.610000  10.500000  0.174573
 6.010000  10.500000  1.918666
 6.410000  10.500000  0.302030
 6.810000  10.500000  0.737958
 7.210000  10.500000 -0.688768
 7.610000  10.500000  1.545703
 8.010000  10.500000  0.498463
 8.410000  10.500000  0.792822
 8.810000  10.500000  0.844620
 9.210000  10.500000  0.873630
 9.610000  10.500000  0.893186
 10.010000  10.500000  0.907565
 10.410000  10.500000  0.918694
 10.810000  10.500000  0.927610
 11.210000  10.500000  0.934933
 11.610000  10.500000  0.941063
 12.010000  10.500000  0.946271
 12.410000  10.500000  0.950750
 12.810000  10.500000  0.954642
 13.210000  10.500000  0.958054
 13.610000  10.500000  0.961066
 14.010000  10.500000  0.963743
 14.410000  10.500000  0.966137
 14.810000  10.500000  0.968287
 15.210000  10.500000  0.970228
 15.610000  10.500000  0.971988
 16.010000  10.500000  0.973589
 16.410000  10.500000  0.975050
 16.810000  10.500000  0.976389
 17.210000  10.500000  0.977619
 17.610000  10.500000  0.978752
 18.010000  10.500000  0.979799
 18.410000  10.500000  0.980767
 18.810000  10.500000  0.981666
 19.210000  10.500000  0.982501
 19.610000  10.500000  0.983280

 0.010000  11.000000  1.375443
 0.410000  11.000000  1.385045
 0.810000  11.000000  1.419406
 1.210000  11.000000  1.494465
 1.610000  11.000000  2.434667
 2.010000  11.000000  1.154615
 2.410000  11.000000  1.207852
 2.810000  11.000000  1.125747
 3.210000  11.000000  1.970893
 3.610000  11.000000  1.349580
 4.010000  11.000000  2.526926
 4.410000  11.000000  1.114077
 4.810000  11.000000 -24.703789
 5.210000  11.000000  1.287074
 5.610000  11.000000  0.174524
 6.010000  11.000000  1.918624
 6.410000  11.000000  0.301995
 6.810000  11.000000  0.737928
 7.210000  11.000000 -0.688794
 7.610000  11.000000  1.545680
 8.010000  11.000000  0.498442
 8.410000  11.000000  0.792803
 8.810000  11.000000  0.844603
 9.210000  11.000000  0.873615
 9.610000  11.000000  0.893173
 10.010000  11.000000  0.907552
 10.410000  11.000000  0.918683
 10.810000  11.000000  0.927600
 11.210000  11.000000  0.934923
 11.610000  11.000000  0.941054
 12.010000  11.000000  0.946262
 12.410000  11.000000  0.950742
 12.810000  11.000000  0.954635
 13.210000  11.000000  0.958047
 13.610000  11.000000  0.961059
 14.010000  11.000000  0.963737
 14.410000  11.000000  0.966131
 14.810000  11.000000  0.968282
 15.210000  11.000000  0.970223
 15.610000  11.000000  0.971983
 16.010000  11.000000  0.973584
 16.410000  11.000000  0.975046
 16.810000  11.000000  0.976385
 17.210000  11.000000  0.977615
 17.610000  11.000000  0.978749
 18.010000  11.000000  0.979795
 18.410000  11.000000  0.980764
 18.810000  11.000000  0.981663
 19.210000  11.000000  0.982498
 19.610000  11.000000  0.983277

 0.010000  11.500000  1.374501
 0.410000  11.500000  1.384109
 0.810000  11.500000  1.418412
 1.210000  11.500000  1.495426
 1.610000  11.500000  2.440097
 2.010000  11.500000  1.152029
 2.410000  11.500000  1.206478
 2.810000  11.500000  1.125106
 3.210000  11.500000  1.970627
 3.610000  11.500000  1.349400
 4.010000  11.500000  2.526806
 4.410000  11.500000  1.113989
 4.810000  11.500000 -24.703857
 5.210000  11.500000  1.287021
 5.610000  11.500000  0.174480
 6.010000  11.500000  1.918588
 6.410000  11.500000  0.301964
 6.810000  11.500000  0.737901
 7.210000  11.500000 -0.688817
 7.610000  11.500000  1.545659
 8.010000  11.500000  0.498424
 8.410000  11.500000  0.792787
 8.810000  11.500000  0.844589
 9.210000  11.500000  0.873602
 9.610000  11.500000  0.893161
 10.010000  11.500000  0.907541
 10.410000  11.500000  0.918673
 10.810000  11.500000  0.927590
 11.210000  11.500000  0.934915
 11.610000  11.500000  0.941046
 12.010000  11.500000  0.946255
 12.410000  11.500000  0.950736
 12.810000  11.500000  0.954629
 13.210000  11.500000  0.958041
 13.610000  11.500000  0.961054
 14.010000  11.500000  0.963732
 14.410000  11.500000  0.966126
 14.810000  11.500000  0.968277
 15.210000  11.500000  0.970219
 15.610000  11.500000  0.971979
 16.010000  11.500000  0.973580
 16.410000  11.500000  0.975042
 16.810000  11.500000  0.976382
 17.210000  11.500000  0.977612
 17.610000  11.500000  0.978745
 18.010000  11.500000  0.979792
 18.410000  11.500000  0.980761
 18.810000  11.500000  0.981660
 19.210000  11.500000  0.982496
 19.610000  11.500000  0.983274

 0.010000  12.000000  1.373694
 0.410000  12.000000  1.383270
 0.810000  12.000000  1.417439
 1.210000  12.000000  1.496092
 1.610000  12.000000  2.445248
 2.010000  12.000000  1.149448
 2.410000  12.000000  1.205232
 2.810000  12.000000  1.124551
 3.210000  12.000000  1.970389
 3.610000  12.000000  1.349243
 4.010000  12.000000  2.526701
 4.410000  12.000000  1.113912
 4.810000  12.000000 -24.703916
 5.210000  12.000000  1.286974
 5.610000  12.000000  0.174442
 6.010000  12.000000  1.918557
 6.410000  12.000000  0.301938
 6.810000  12.000000  0.737878
 7.210000  12.000000 -0.688837
 7.610000  12.000000  1.545642
 8.010000  12.000000  0.498409
 8.410000  12.000000  0.792773
 8.810000  12.000000  0.844576
 9.210000  12.000000  0.873591
 9.610000  12.000000  0.893151
 10.010000  12.000000  0.907532
 10.410000  12.000000  0.918664
 10.810000  12.000000  0.927582
 11.210000  12.000000  0.934908
 11.610000  12.000000  0.941039
 12.010000  12.000000  0.946249
 12.410000  12.000000  0.950730
 12.810000  12.000000  0.954623
 13.210000  12.000000  0.958036
 13.610000  12.000000  0.961049
 14.010000  12.000000  0.963727
 14.410000  12.000000  0.966121
 14.810000  12.000000  0.968273
 15.210000  12.000000  0.970215
 15.610000  12.000000  0.971975
 16.010000  12.000000  0.973577
 16.410000  12.000000  0.975039
 16.810000  12.000000  0.976378
 17.210000  12.000000  0.977609
 17.610000  12.000000  0.978742
 18.010000  12.000000  0.979789
 18.410000  12.000000  0.980758
 18.810000  12.000000  0.981657
 19.210000  12.000000  0.982493
 19.610000  12.000000  0.983272

